1156
1
3
4
5
7
9
11
13
14
16
17
19
21
22
23
24
25
28
29
33
34
35
38
39
41
42
43
45
48
50
56
60
62
63
70
73
74
75
77
78
81
83
87
89
90
92
98
100
103
106
107
109
110
111
112
113
120
121
122
125
127
132
135
136
139
140
141
142
145
148
149
154
159
164
166
167
170
174
176
177
178
179
181
184
186
187
189
192
193
194
196
197
201
202
203
205
208
209
210
211
212
213
216
217
219
220
222
225
228
229
230
232
233
235
239
240
241
245
247
251
254
255
258
260
261
265
267
268
272
274
275
276
277
278
279
281
282
283
284
286
287
292
293
294
296
298
299
300
301
302
303
305
308
309
311
312
313
314
315
316
317
319
320
323
325
326
328
329
332
333
334
340
342
346
347
348
349
351
352
354
356
357
358
360
361
362
364
367
369
370
374
377
378
379
380
381
387
389
391
393
396
397
400
404
406
411
412
416
420
421
423
425
429
430
431
433
435
436
439
440
441
442
446
448
450
451
453
456
457
460
462
463
467
468
472
473
477
479
480
483
485
486
488
489
491
493
497
499
500
502
504
505
506
507
508
509
514
515
516
519
520
526
530
531
532
533
536
538
539
540
541
546
549
550
551
554
555
556
557
559
560
561
565
567
569
570
574
575
576
584
588
591
592
593
594
596
597
602
604
605
606
610
611
613
614
616
621
623
626
627
629
638
639
640
641
642
644
645
646
647
648
649
650
652
654
655
656
658
663
667
669
671
672
677
678
679
680
682
687
688
690
691
692
693
694
702
704
706
707
708
712
713
718
719
722
723
724
725
727
728
729
730
732
733
734
736
738
739
741
742
743
745
746
747
748
754
755
756
757
761
764
766
767
768
771
772
775
776
777
778
779
780
784
785
786
787
790
791
792
799
802
803
804
807
809
811
812
815
819
820
821
822
823
826
827
829
830
831
836
839
842
843
844
845
848
849
850
851
852
854
855
859
860
863
864
865
867
869
870
874
875
877
878
880
886
887
888
889
890
893
895
896
899
900
905
906
907
908
913
914
917
921
922
923
924
925
926
931
933
935
936
938
939
942
944
948
950
951
954
955
959
962
963
964
966
969
970
971
972
975
976
978
983
986
987
989
992
994
997
998
0
0
2
2
6
6
8
8
10
10
12
12
15
15
18
18
20
20
26
26
27
27
30
30
31
31
32
32
36
36
37
37
40
40
44
44
46
46
47
47
49
49
51
51
52
52
53
53
54
54
55
55
57
57
58
58
59
59
61
61
64
64
65
65
66
66
67
67
68
68
69
69
71
71
72
72
76
76
79
79
80
80
82
82
84
84
85
85
86
86
88
88
91
91
93
93
94
94
95
95
96
96
97
97
99
99
101
108
102
114
104
118
105
169
115
162
116
204
117
183
119
242
123
249
124
262
126
263
128
289
129
339
130
344
131
372
133
341
134
392
137
409
138
408
143
469
144
470
146
150
147
471
151
153
152
155
156
195
157
511
158
200
160
243
161
521
163
256
165
386
168
401
171
402
172
413
173
543
175
415
180
553
182
438
185
447
188
458
190
461
191
475
198
581
199
513
206
481
207
522
214
615
215
619
218
524
221
617
223
620
224
270
226
304
227
318
231
368
234
661
236
327
237
665
238
307
244
670
246
376
248
383
250
394
252
686
253
410
257
422
259
444
264
714
266
424
269
721
271
735
273
452
280
744
285
740
288
751
290
454
291
455
295
482
297
795
306
796
310
797
321
814
322
837
324
847
330
813
331
861
335
817
336
840
337
846
338
856
343
873
345
894
350
885
353
537
355
674
359
544
363
929
365
701
366
703
371
716
373
726
375
765
382
960
384
770
385
800
388
808
390
832
395
982
398
995
399
991
403
858
405
993
407
932
414
881
417
912
418
956
419
977
426
988
427
643
428
653
432
662
434
705
437
675
443
697
445
760
449
794
459
801
464
825
465
835
466
833
474
841
476
862
478
853
484
872
487
891
490
903
492
915
494
937
495
947
496
953
498
984
501
805
503
866
510
857
512
879
517
920
518
943
523
952
525
876
527
973
528
930
529
949
534
957
535
965
542
958
545
967
547
996
548
918
552
911
558
919
562
934
563
990
564
961
566
981
568
941
571
946
572
968
573
974
577
979
578
980
579
985
580
580
582
582
583
583
585
585
586
586
587
587
589
589
590
590
595
595
598
598
599
599
600
600
601
601
603
603
607
607
608
608
609
609
612
612
618
618
622
622
624
624
625
625
628
628
630
630
631
631
632
632
633
633
634
634
635
635
636
636
637
637
651
651
657
657
659
659
660
660
664
664
666
666
668
668
673
673
676
676
681
681
683
683
684
684
685
685
689
689
695
695
696
696
698
698
699
699
700
700
709
709
710
710
711
711
715
715
717
717
720
720
731
731
737
737
749
749
750
750
752
752
753
753
758
758
759
759
762
762
763
763
769
769
773
773
774
774
781
781
782
782
783
783
788
788
789
789
793
793
798
798
806
806
810
810
816
816
818
818
824
824
828
828
834
834
838
838
868
868
871
871
882
882
883
883
884
884
892
892
897
897
898
898
901
901
902
902
904
904
909
909
910
910
916
916
927
927
928
928
940
940
945
945
999
999
